{
  "advancedEditorSelectedIdentifier" : "ProjectBrowser",
  "openSceneRelativePaths" : [
    "Scene.usda"
  ],
  "recentIdentifiers" : {
    "DAD14978-E2B0-40B2-B4F3-337A2A6838BA" : [

    ]
  },
  "sceneCameraHistory" : {
    "0389A206-6B7C-4E28-8762-7CE819DBFFD0" : [
      {
        "date" : 789470509.881133,
        "title" : "Untitled",
        "transform" : [
          0.9115842,
          -1.9598776e-09,
          0.41111353,
          0,
          0.16859068,
          0.9120482,
          -0.37382516,
          0,
          -0.3749553,
          0.41008312,
          0.8314086,
          0,
          -0.4805067,
          0.7270642,
          1.1534827,
          1
        ]
      },
      {
        "date" : 789470503.77869,
        "title" : "Untitled",
        "transform" : [
          0.94091374,
          6.323746e-10,
          0.33864647,
          0,
          0.076692484,
          0.9740187,
          -0.21308652,
          0,
          -0.32984793,
          0.22646776,
          0.91646755,
          0,
          -0.56309724,
          0.5552898,
          1.2284657,
          1
        ]
      },
      {
        "date" : 789470498.912148,
        "title" : "Untitled",
        "transform" : [
          0.9479862,
          8.0892715e-10,
          0.31831154,
          0,
          0.07542369,
          0.97152203,
          -0.22462456,
          0,
          -0.30924663,
          0.23694928,
          0.92098933,
          0,
          -0.53459036,
          0.56976634,
          1.2345576,
          1
        ]
      },
      {
        "date" : 789470488.945093,
        "title" : "Untitled",
        "transform" : [
          0.995852,
          7.7637674e-10,
          0.090988144,
          0,
          0.036374316,
          0.91661555,
          -0.39811152,
          0,
          -0.08340115,
          0.3997698,
          0.91281337,
          0,
          -0.22463311,
          0.79084206,
          1.2077508,
          1
        ]
      },
      {
        "date" : 789470465.723371,
        "title" : "Untitled",
        "transform" : [
          0.9999998,
          6.355012e-13,
          0.000602073,
          0,
          3.595329e-05,
          0.99821544,
          -0.059715822,
          0,
          -0.0006009985,
          0.059715834,
          0.99821526,
          0,
          -0.22564161,
          0.27355435,
          1.0659363,
          1
        ]
      },
      {
        "date" : 789470458.147643,
        "title" : "Untitled",
        "transform" : [
          0.9999998,
          6.355012e-13,
          0.000602073,
          0,
          3.595329e-05,
          0.99821544,
          -0.059715822,
          0,
          -0.0006009985,
          0.059715834,
          0.99821526,
          0,
          -0.000618304,
          0.9273851,
          1.0269583,
          1
        ]
      },
      {
        "date" : 789470449.388005,
        "title" : "Untitled",
        "transform" : [
          1,
          0,
          0,
          0,
          0,
          0.7071069,
          -0.70710677,
          0,
          0,
          0.70710677,
          0.7071069,
          0,
          0,
          0.7642298,
          0.7642298,
          1
        ]
      },
      {
        "date" : 789470441.021239,
        "title" : "Untitled",
        "transform" : [
          1,
          0,
          0,
          0,
          0,
          0.7071069,
          -0.70710677,
          0,
          0,
          0.70710677,
          0.7071069,
          0,
          0,
          0.5957141,
          0.59571415,
          1
        ]
      },
      {
        "date" : 789470435.355382,
        "title" : "Untitled",
        "transform" : [
          1,
          0,
          0,
          0,
          0,
          0.7071069,
          -0.70710677,
          0,
          0,
          0.70710677,
          0.7071069,
          0,
          0,
          0.36118233,
          0.3611824,
          1
        ]
      }
    ],
    "DAD14978-E2B0-40B2-B4F3-337A2A6838BA" : [
      {
        "date" : 789317750.963165,
        "title" : "Untitled",
        "transform" : [
          0.99999595,
          -4.5512683e-10,
          -0.0028612586,
          0,
          -0.001040171,
          0.93158144,
          -0.3635312,
          0,
          0.0026655116,
          0.36353266,
          0.9315776,
          0,
          0.0024527456,
          0.3345158,
          0.8572193,
          1
        ]
      },
      {
        "date" : 789317362.255959,
        "title" : "Untitled",
        "transform" : [
          0.99999595,
          -4.5512683e-10,
          -0.0028612586,
          0,
          -0.0010401711,
          0.93158156,
          -0.36353123,
          0,
          0.0026655118,
          0.3635327,
          0.93157774,
          0,
          0.0033884225,
          0.46212706,
          1.1842324,
          1
        ]
      },
      {
        "date" : 789317355.507729,
        "title" : "Untitled",
        "transform" : [
          0.99963444,
          -4.411983e-10,
          -0.02703301,
          0,
          -0.021401465,
          0.610938,
          -0.79138917,
          0,
          0.016515512,
          0.7916785,
          0.61071473,
          0,
          0.0209947,
          1.0063909,
          0.7763476,
          1
        ]
      },
      {
        "date" : 789317346.905435,
        "title" : "Untitled",
        "transform" : [
          0.9999417,
          -5.3859234e-10,
          0.010796745,
          0,
          0.00503971,
          0.8843729,
          -0.46675405,
          0,
          -0.009548332,
          0.46678123,
          0.88432133,
          0,
          -0.021156881,
          1.0342786,
          1.9594489,
          1
        ]
      },
      {
        "date" : 789314679.089064,
        "title" : "Untitled",
        "transform" : [
          0.9999417,
          -5.3859234e-10,
          0.010796745,
          0,
          0.00503971,
          0.8843729,
          -0.46675405,
          0,
          -0.009548332,
          0.46678123,
          0.88432133,
          0,
          -0.0076660006,
          0.37476122,
          0.7099884,
          1
        ]
      },
      {
        "date" : 789313665.564895,
        "title" : "Untitled",
        "transform" : [
          0.9999417,
          -5.3859234e-10,
          0.010796745,
          0,
          0.00503971,
          0.8843729,
          -0.46675405,
          0,
          -0.009548332,
          0.46678123,
          0.88432133,
          0,
          -0.024694871,
          1.2072364,
          2.28712,
          1
        ]
      },
      {
        "date" : 789313609.395679,
        "title" : "Untitled",
        "transform" : [
          0.98138523,
          -5.434746e-10,
          0.1920493,
          0,
          0.085871056,
          0.8944689,
          -0.43880707,
          0,
          -0.17178212,
          0.44713026,
          0.87781864,
          0,
          -0.44428012,
          1.1564131,
          2.2703023,
          1
        ]
      }
    ]
  },
  "sceneViewportBackgroundColors" : {

  }
}